4294967279,104
4294967279,103
4294967279,102
4294967279,101
4294967279,100
4294967279,99
4294967279,98
4294967279,97
4294967279,96
4294967279,95
4294967279,94
4294967279,132
4294967279,131
4294967279,130
4294967279,129
4294967279,128
4294967279,127
4294967279,126
4294967279,125
4294967279,124
4294967279,123
4294967279,122
4294967279,121
4294967279,120
4294967279,119
4294967279,118
4294967279,117
4294967279,116
4294967279,115
4294967279,114
4294967279,113
4294967279,112
4294967279,111
4294967279,110
4294967279,109
4294967279,108
4294967279,107
4294967279,106
4294967279,105
4294967279,430
4294967278,365
4294967279,429
4294967278,364
4294967294,395
4294967294,396
4294967294,399
4294967294,385
4294967294,175
4294967294,191
4294967294,467
4294967294,164
4294967279,428
4294967278,363
4294967278,362
4294967278,361
4294967278,360
4294967278,359
4294967279,427
4294967278,358
4294967279,426
4294967279,425
28,5
4294967278,357
4294967279,424
27,5
28,4
4294967278,187
28,3
28,2
28,1
4294967278,185
27,4
27,3
27,2
27,1
4294967278,181
26,3
26,2
26,1
4294967278,356
4294967278,178
4294967278,355
4294967279,423
4294967278,354
4294967278,353
4294967279,422
4294967279,421
4294967278,352
4294967279,420
4294967294,985
4294967294,170
4294967294,982
4294967294,1032
4294967294,161
4294967278,351
4294967279,419
4294967279,418
25,5
4294967278,350
4294967279,417
24,5
4294967278,166
25,4
4294967278,165
25,3
25,2
25,1
4294967278,164
4294967278,163
24,4
4294967278,162
24,3
24,2
24,1
4294967278,349
4294967278,161
4294967278,160
23,4
4294967278,159
23,3
23,2
23,1
4294967278,348
4294967278,158
4294967278,347
4294967278,346
4294967278,156
4294967279,416
4294967278,154
4294967278,345
4294967279,415
4294967278,344
4294967278,152
4294967279,414
4294967278,17
4294967278,16
4294967278,15
4294967278,14
4294967278,13
4294967278,12
4294967278,11
4294967278,10
4294967278,9
4294967278,8
4294967278,7
4294967278,6
4294967278,5
4294967278,4
4294967278,151
4294967279,413
4294967279,412
4294967278,150
22,5
4294967294,387
4294967278,148
4294967278,343
4294967279,411
4294967279,410
4294967278,147
21,5
4294967278,145
22,4
4294967278,144
22,3
22,2
22,1
4294967278,342
4294967278,143
4294967278,142
21,4
4294967278,141
21,3
21,2
21,1
4294967278,140
4294967278,139
20,4
4294967278,138
20,3
20,2
20,1
4294967278,137
4294967279,279
4294967278,276
4294967278,36
4294967278,35
4294967278,34
4294967278,33
4294967278,32
4294967278,31
4294967278,30
4294967278,29
4294967278,28
4294967278,27
4294967278,26
4294967278,25
4294967278,274
4294967278,21
4294967278,20
4294967278,19
4294967278,18
4294967279,11
4294967279,278
4294967278,23
4294967278,275
4294967278,135
4294967278,24
4294967279,24
4294967279,23
4294967278,22
4294967278,341
4294967279,22
4294967279,134
4294967279,409
4294967279,21
4294967279,408
4294967279,20
4294967279,19
4294967279,407
4294967279,18
4294967279,289
4294967279,406
4294967279,14
4294967279,405
4294967279,15
4294967278,340
4294967279,288
4294967294,972
4294967294,984
4294967294,987
4294967294,983
4294967294,173
4294967294,976
4294967294,176
4294967279,267
4294967279,404
4294967279,12
4294967278,339
4294967279,266
19,5
4294967279,264
4294967279,403
4294967278,338
4294967278,337
4294967279,263
18,5
4294967279,284
19,4
4294967279,259
19,3
19,2
19,1
4294967278,336
4294967279,258
4294967278,335
4294967279,402
4294967278,334
18,4
4294967279,401
18,3
18,2
18,1
4294967279,400
4294967278,333
4294967279,399
4294967278,332
4294967279,398
4294967278,331
4294967279,397
17,3
17,2
17,1
4294967279,396
4294967278,330
4294967279,395
4294967278,255
4294967279,394
4294967279,393
4294967279,392
4294967278,329
4294967278,328
4294967279,391
4294967278,327
4294967278,326
4294967279,390
4294967278,251
4294967278,244
4294967279,389
4294967278,247
4294967278,245
16,5
4294967278,238
4294967294,393
4294967294,392
4294967294,390
4294967294,120
4294967278,241
4294967278,239
15,5
4294967294,99
4294967294,41
4294967278,237
4294967278,236
16,4
16,3
16,2
16,1
4294967278,234
4294967294,43
4294967278,232
4294967278,230
15,4
15,3
15,2
15,1
4294967278,228
4294967294,44
4294967294,439
4294967294,45
4294967294,52
4294967294,92
4294967294,90
4294967294,87
4294967294,86
4294967294,83
4294967294,53
4294967294,84
4294967278,226
4294967278,224
14,4
14,3
14,2
14,1
4294967278,222
4294967294,421
4294967294,1018
4294967294,178
4294967294,179
4294967294,407
4294967294,599
4294967294,1017
4294967294,167
4294967294,183
4294967294,398
4294967294,406
4294967294,415
4294967294,453
4294967294,116
4294967294,108
4294967294,184
4294967278,221
4294967278,219
4294967278,217
4294967294,107
4294967278,215
4294967278,325
4294967279,388
4294967279,387
4294967278,324
4294967278,323
4294967278,322
4294967278,321
4294967278,320
4294967278,319
4294967279,386
4294967278,318
4294967294,5
4294967278,204
4294967278,317
4294967279,385
